0.0409671 0.00620279 0.00639934
0.119733 0.0126063 0.0139162
0.0484049 0.00448876 0.00808253
0.0643235 0.00848537 0.00955721
0.0458767 0.00602204 0.00611714
0.194169 0.0213158 0.0206461
0.145742 0.0224644 0.00489038
0.151602 0.0174272 0.0191043
0.0247937 0.00384772 0.00271152
0.114132 0.0131226 0.0159051
0.0336463 0.00502181 0.00396119
0.084642 0.0101923 0.00638679
0.153223 0.0123073 0.0128994
0.042124 0.00502867 0.00451192
0.0567349 0.00516286 0.00522236
0.122865 0.0135385 0.0145167
0.0567181 0.00551788 0.00623839
0.0738799 0.00460993 0.00813614
0.122092 0.0119301 0.0147101
0.0246229 0.00258198 0.0023175
0.0584585 0.00541807 0.0035844
0.0774247 0.0100072 0.00715112
0.0250174 0.00280169 0.00203604
0.107559 0.00840046 0.00948895
0.0363517 0.00497731 0.0026424
0.091054 0.00849661 0.0105368
0.0795939 0.0124578 0.0087899
0.0475643 0.00726007 0.00414537
0.022038 0.00366657 0.00297959
0.140463 0.00817782 0.0147435
0.21611 0.0214853 0.0247655
0.197746 0.0243533 0.0190105
0.0757562 0.00495633 0.00633351
0.0743867 0.00771591 0.00588053
0.171204 0.018203 0.0213731
0.175734 0.0127207 0.0151936
0.0794998 0.010511 0.00884391
0.148069 0.0113534 0.0137293
0.0968157 0.0119303 0.00817775
0.126258 0.0106402 0.0181699
0.218486 0.0240674 0.025536
0.212137 0.0255414 0.0271704
0.133275 0.0113553 0.00915139
0.102293 0.0131014 0.00942813
0.160949 0.0156041 0.0131936
0.113685 0.0144357 0.0171758
0.0967594 0.0107132 0.00618049
0.129553 0.0180743 0.0105551
0.0643806 0.00537041 0.00669018
0.0952451 0.00990809 0.0137893
0.146322 0.0164853 0.0188537
0.114078 0.0105377 0.00963922
0.136458 0.0130057 0.0133614
0.070347 0.00664044 0.00683909
0.125869 0.0187178 0.014629
0.0854093 0.0105052 0.0195206
0.026168 0.00341011 0.00389608
0.0879704 0.00885451 0.0130549
0.138327 0.0158671 0.004279
0.0615316 0.00792763 0.00691496
0.189574 0.0232109 0.0278614
0.107317 0.0124178 0.0156253
0.12331 0.0150122 0.0161158
0.108705 0.0138167 0.00949953
0.22447 0.0282539 0.0105396
0.11696 0.0102103 0.00887495
0.221768 0.0166592 0.0182047
0.177747 0.0224038 0.0187485
0.177429 0.0145155 0.012054
0.113619 0.00976304 0.00548746
0.101065 0.00624073 0.00783638
0.193178 0.0166935 0.0292034
0.0997021 0.0125001 0.0138058
0.0430852 0.00417991 0.0042354
0.158638 0.018475 0.017893
0.186351 0.011423 0.00851548
0.184869 0.0202207 0.0140821
0.0623763 0.00666726 0.00362283
0.215165 0.0225144 0.0395394
0.14807 0.0147169 0.0113343
0.179686 0.0122325 0.0174457
0.165216 0.0134381 0.0175561
0.18517 0.0170407 0.00981974
0.135722 0.0101924 0.0230089
0.152575 0.0143404 0.0161228
0.0309762 0.00271454 0.00357699
0.0988184 0.0113087 0.0103421
0.172056 0.0207528 0.0132922
0.170958 0.018721 0.0178844
0.154308 0.0173823 0.0189725
0.210989 0.0230322 0.0171807
0.0630655 0.00746305 0.00718122
0.220086 0.0264528 0.0145025
0.0875992 0.00707944 0.00893853
0.0286617 0.00400971 0.0029236
0.15734 0.0147253 0.0195273
0.0465301 0.00608407 0.00692537
0.0236965 0.00367532 0.00240254
0.0672064 0.00655914 0.0127554
0.193036 0.0215539 0.016136
